-2444.00 1775.00 -6049.00 424.000 -56.0000 -24.0000
-2442.00 1966.00 -5882.00 496.000 -82.0000 42.0000
-2544.00 1878.00 -5279.00 426.000 93.0000 96.0000
-2702.00 1878.00 -5342.00 265.000 228.000 84.0000
-2786.00 1755.00 -5560.00 234.000 600.000 149.000
-2760.00 1845.00 -6578.00 254.000 825.000 289.000
-2562.00 2029.00 -6675.00 323.000 919.000 417.000
-2364.00 2221.00 -7066.00 115.000 749.000 432.000
-2114.00 2588.00 -8706.00 135.000 1113.00 515.000
-1944.00 2919.00 -8948.00 99.0000 1074.00 527.000
-1808.00 3188.00 -9631.00 17.0000 681.000 402.000
-1695.00 3141.00 -9804.00 186.000 549.000 312.000
-1607.00 3253.00 -10347.0 176.000 203.000 221.000
-1714.00 3045.00 -9920.00 124.000 150.000 162.000
-1805.00 3219.00 -9220.00 -156.000 -286.000 -7.00000
-1866.00 3218.00 -8863.00 -156.000 -387.000 -102.000
-1927.00 2867.00 -7926.00 -41.0000 -694.000 -262.000
-1934.00 2523.00 -7690.00 140.000 -815.000 -381.000
-1943.00 2498.00 -7327.00 198.000 -782.000 -374.000
-2028.00 2586.00 -7029.00 109.000 -789.000 -310.000
-2125.00 2440.00 -6727.00 81.0000 -848.000 -320.000
-2185.00 2243.00 -6891.00 168.000 -825.000 -371.000
-2221.00 2201.00 -7013.00 194.000 -767.000 -382.000
-2311.00 2100.00 -6921.00 139.000 -750.000 -400.000
-2424.00 1992.00 -6582.00 27.0000 -848.000 -402.000
-2548.00 1911.00 -6320.00 -25.0000 -846.000 -405.000
-2651.00 1783.00 -5975.00 -62.0000 -809.000 -392.000
-2717.00 1833.00 -5630.00 -94.0000 -838.000 -381.000
-2745.00 1806.00 -4999.00 36.0000 -746.000 -374.000
-2914.00 1115.00 -4311.00 60.0000 -759.000 -466.000
-3005.00 1216.00 -4350.00 139.000 -506.000 -385.000
-3042.00 873.000 -3467.00 95.0000 -422.000 -242.000
-2998.00 643.000 -3335.00 30.0000 -341.000 -205.000
-2881.00 501.000 -3241.00 3.00000 97.0000 6.00000
-2565.00 574.000 -3301.00 -220.000 275.000 182.000
-2272.00 367.000 -3669.00 -171.000 565.000 347.000
-1992.00 487.000 -3940.00 -225.000 776.000 502.000
-1703.00 255.000 -4263.00 -315.000 1061.00 670.000
-1427.00 226.000 -4664.00 -346.000 1182.00 797.000
-1117.00 435.000 -5300.00 -311.000 1473.00 1055.00
-830.000 598.000 -6049.00 -251.000 1583.00 1238.00
-606.000 922.000 -6750.00 -117.000 1776.00 1414.00
-495.000 751.000 -6693.00 -167.000 1609.00 1445.00
-364.000 745.000 -6783.00 -151.000 1578.00 1519.00
-85.0000 1318.00 -7318.00 -199.000 1710.00 1767.00
198.000 2165.00 -7165.00 -339.000 1787.00 2044.00
378.000 2577.00 -7875.00 -246.000 1720.00 2148.00
504.000 2828.00 -8532.00 -24.0000 1861.00 2148.00
680.000 3354.00 -8441.00 -190.000 1676.00 2102.00
922.000 3953.00 -8324.00 -199.000 1417.00 2055.00
1067.00 4064.00 -8847.00 -124.000 1373.00 1979.00
1098.00 3819.00 -9340.00 -107.000 1389.00 1846.00
1140.00 3943.00 -9566.00 -92.0000 1211.00 1760.00
1247.00 4069.00 -8947.00 -73.0000 881.000 1702.00
1346.00 4011.00 -8954.00 -51.0000 610.000 1572.00
1243.00 3297.00 -8902.00 -92.0000 654.000 1434.00
1277.00 2914.00 -9298.00 -58.0000 532.000 1326.00
1498.00 2918.00 -8888.00 -1.00000 418.000 1371.00
1606.00 3148.00 -8943.00 -217.000 244.000 1423.00
1488.00 2838.00 -9117.00 -128.000 300.000 1340.00
1253.00 2385.00 -8949.00 -56.0000 111.000 1187.00
1038.00 1952.00 -8435.00 105.000 -51.0000 1134.00
924.000 1778.00 -7918.00 88.0000 -250.000 1180.00
1010.00 1655.00 -8169.00 154.000 -159.000 1297.00
1282.00 1498.00 -8519.00 321.000 -80.0000 1417.00
1629.00 1714.00 -9231.00 312.000 -4.00000 1527.00
1839.00 2131.00 -9406.00 290.000 67.0000 1667.00
1854.00 2058.00 -9654.00 361.000 -178.000 1679.00
1834.00 1918.00 -10196.0 533.000 -248.000 1684.00
1806.00 1925.00 -10175.0 363.000 -385.000 1706.00
1746.00 1976.00 -9459.00 289.000 -653.000 1722.00
1701.00 2186.00 -8928.00 163.000 -899.000 1728.00
1720.00 2293.00 -9364.00 109.000 -773.000 1792.00
1851.00 2565.00 -9336.00 70.0000 -772.000 1818.00
1919.00 2800.00 -9264.00 118.000 -994.000 1827.00
1839.00 3034.00 -9045.00 222.000 -911.000 1878.00
1546.00 3182.00 -8307.00 -13.0000 -1110.00 1869.00
1226.00 3566.00 -8149.00 -5.00000 -954.000 1945.00
1070.00 3817.00 -9396.00 267.000 -824.000 1944.00
846.000 3748.00 -10599.0 690.000 -380.000 1887.00
529.000 3771.00 -10271.0 338.000 -742.000 1673.00
491.000 3900.00 -10076.0 46.0000 -1100.00 1546.00
449.000 4077.00 -9051.00 90.0000 -1530.00 1415.00
464.000 4095.00 -9122.00 105.000 -1798.00 1282.00
511.000 4079.00 -8987.00 248.000 -1686.00 1150.00
432.000 4113.00 -8812.00 204.000 -1850.00 995.000
304.000 3967.00 -8777.00 176.000 -1995.00 832.000
103.000 3793.00 -8610.00 226.000 -2068.00 688.000
8.00000 3683.00 -8687.00 323.000 -2123.00 562.000
-169.000 3456.00 -8717.00 303.000 -2161.00 407.000
-222.000 3359.00 -8995.00 115.000 -2164.00 316.000
-268.000 3307.00 -8621.00 -22.0000 -2305.00 227.000
-350.000 3404.00 -8020.00 -91.0000 -2651.00 118.000
-412.000 3543.00 -7691.00 -172.000 -2605.00 68.0000
-579.000 3481.00 -7156.00 -502.000 -2684.00 -91.0000
-691.000 3568.00 -7075.00 -476.000 -2611.00 -193.000
-839.000 3326.00 -7012.00 -462.000 -2629.00 -290.000
-1082.00 3248.00 -6222.00 -632.000 -2620.00 -419.000
-1269.00 3163.00 -5528.00 -789.000 -2791.00 -538.000
-1627.00 2924.00 -5190.00 -561.000 -2509.00 -595.000
-2151.00 2707.00 -4797.00 -606.000 -2428.00 -740.000
-2357.00 2573.00 -4510.00 -707.000 -2185.00 -778.000
-2362.00 2860.00 -4210.00 -677.000 -2085.00 -798.000
-2401.00 3138.00 -3729.00 -735.000 -1832.00 -780.000
-2558.00 2908.00 -2967.00 -1097.00 -1785.00 -972.000
-2522.00 3284.00 -3155.00 -1018.00 -1569.00 -1078.00
-2637.00 3354.00 -3198.00 -784.000 -1182.00 -1187.00
-2974.00 2989.00 -2751.00 -972.000 -1099.00 -1490.00
-3137.00 2933.00 -2087.00 -1249.00 -1049.00 -1714.00
-3092.00 3136.00 -3088.00 -1089.00 -513.000 -1726.00
-3258.00 3156.00 -3176.00 -835.000 -136.000 -1811.00
-3709.00 2853.00 -2527.00 -1143.00 -164.000 -2033.00
-4039.00 2661.00 -2558.00 -1395.00 225.000 -2114.00
-3985.00 2479.00 -3883.00 -935.000 629.000 -2113.00
-3643.00 2686.00 -5412.00 -380.000 852.000 -2059.00
-3507.00 2828.00 -6406.00 -344.000 886.000 -2026.00
-3506.00 2499.00 -6795.00 -545.000 823.000 -2171.00
-3545.00 2281.00 -6556.00 -915.000 632.000 -2305.00
-3204.00 2540.00 -6337.00 -1215.00 662.000 -2262.00
-2966.00 2097.00 -4991.00 -1677.00 566.000 -2362.00
-2592.00 2133.00 -5018.00 -1990.00 589.000 -2413.00
-2504.00 2291.00 -5337.00 -1470.00 1007.00 -2283.00
-2889.00 2000.00 -5339.00 -1511.00 819.000 -2440.00
-3636.00 1928.00 -6879.00 -1784.00 1045.00 -2280.00
-2432.00 2209.00 -6087.00 -1731.00 964.000 -2137.00
-2944.00 868.000 -6011.00 -2729.00 1054.00 -1805.00
-3259.00 1009.00 -5144.00 -2019.00 667.000 -2040.00
-3361.00 2456.00 -4943.00 -1314.00 769.000 -1747.00
-3360.00 2527.00 -5644.00 -1123.00 787.000 -1667.00
-3514.00 1967.00 -7276.00 -682.000 1249.00 -1791.00
-3666.00 2057.00 -7006.00 -181.000 832.000 -1729.00
-3826.00 2476.00 -7197.00 123.000 256.000 -1637.00
-3909.00 2707.00 -7770.00 15.0000 437.000 -1525.00
-4111.00 1779.00 -8256.00 -232.000 490.000 -1680.00
-4160.00 1623.00 -7000.00 -334.000 204.000 -1777.00
-3978.00 2347.00 -6437.00 -355.000 -377.000 -1697.00
-3679.00 2963.00 -7518.00 -38.0000 124.000 -1410.00
-3790.00 2021.00 -5930.00 -477.000 -24.0000 -1589.00
-4057.00 1502.00 -5558.00 -862.000 -75.0000 -1778.00
-4354.00 883.000 -6187.00 -715.000 302.000 -1709.00
-4401.00 852.000 -6774.00 -602.000 218.000 -1614.00
-4306.00 1081.00 -6440.00 -508.000 173.000 -1352.00
-4336.00 474.000 -4948.00 -719.000 -221.000 -1351.00
-4149.00 405.000 -4984.00 -660.000 -92.0000 -1271.00
-3803.00 855.000 -5074.00 -492.000 168.000 -1063.00
-3608.00 917.000 -4284.00 -467.000 222.000 -983.000
-3488.00 554.000 -4602.00 -387.000 104.000 -1124.00
-3582.00 -188.000 -4781.00 -108.000 209.000 -1195.00
-3815.00 -448.000 -4744.00 25.0000 322.000 -1130.00
-4001.00 -62.0000 -4762.00 -123.000 421.000 -934.000
-3867.00 463.000 -5419.00 -98.0000 849.000 -617.000
-3654.00 258.000 -5813.00 -214.000 917.000 -572.000
-3521.00 110.000 -5701.00 -262.000 1022.00 -523.000
-3434.00 622.000 -6187.00 -178.000 980.000 -397.000
-3319.00 1525.00 -5820.00 -342.000 1166.00 -152.000
-2931.00 1717.00 -6252.00 -381.000 1211.00 -54.0000
-2575.00 2021.00 -5436.00 -184.000 1156.00 -95.0000
-2186.00 2682.00 -5865.00 -177.000 1244.00 -51.0000
-2015.00 2467.00 -6613.00 -512.000 1728.00 -62.0000
-2219.00 1428.00 -6835.00 -666.000 1866.00 -382.000
-2652.00 270.000 -6144.00 -652.000 1810.00 -549.000
-2865.00 -66.0000 -6731.00 -589.000 1792.00 -536.000
-2972.00 -805.000 -6803.00 -687.000 2112.00 -364.000
-3113.00 -1191.00 -6943.00 -801.000 2022.00 -231.000
-3189.00 -1057.00 -7292.00 -613.000 2178.00 121.000
-2956.00 -466.000 -7849.00 -459.000 2186.00 411.000
-2633.00 -436.000 -8340.00 -468.000 2348.00 601.000
-2489.00 -1218.00 -8448.00 -543.000 2186.00 554.000
-2390.00 -956.000 -9305.00 -317.000 2197.00 733.000
-2455.00 -984.000 -8824.00 -157.000 2052.00 983.000
-2183.00 -843.000 -9217.00 -172.000 1705.00 1188.00
-1915.00 -736.000 -8709.00 21.0000 1838.00 1498.00
-1505.00 -247.000 -9248.00 10.0000 1555.00 1684.00
-1230.00 62.0000 -9194.00 94.0000 1698.00 1951.00
-1008.00 351.000 -9226.00 113.000 1300.00 2044.00
-736.000 403.000 -9230.00 263.000 1102.00 2088.00
-387.000 530.000 -8699.00 166.000 977.000 2197.00
113.000 1412.00 -8889.00 149.000 743.000 2333.00
506.000 1979.00 -8546.00 141.000 743.000 2527.00
816.000 2286.00 -7469.00 21.0000 358.000 2427.00
968.000 2499.00 -7509.00 110.000 551.000 2389.00
1073.00 2783.00 -8446.00 312.000 670.000 2307.00
1129.00 2583.00 -7838.00 441.000 546.000 2189.00
1289.00 2927.00 -8050.00 352.000 270.000 2135.00
1295.00 2687.00 -7738.00 275.000 166.000 2015.00
1275.00 2989.00 -7655.00 247.000 45.0000 1893.00
1219.00 3469.00 -7676.00 176.000 81.0000 1825.00
1227.00 2742.00 -7365.00 95.0000 -138.000 1600.00
1309.00 2643.00 -6785.00 333.000 -257.000 1328.00
1401.00 3045.00 -6663.00 226.000 -183.000 1389.00
1520.00 3087.00 -6400.00 34.0000 -29.0000 1352.00
1640.00 2611.00 -6211.00 165.000 -94.0000 1193.00
1709.00 2258.00 -5295.00 412.000 -170.000 1070.00
1708.00 2711.00 -4277.00 302.000 -423.000 1040.00
1725.00 2892.00 -5135.00 165.000 -46.0000 1116.00
1772.00 3067.00 -5124.00 100.000 279.000 1062.00
1784.00 3169.00 -5486.00 -52.0000 296.000 930.000
1656.00 3054.00 -4974.00 -20.0000 291.000 754.000
1406.00 2431.00 -4618.00 -61.0000 217.000 506.000
1253.00 1896.00 -4996.00 15.0000 465.000 414.000
1181.00 1943.00 -5178.00 178.000 603.000 436.000
1103.00 1955.00 -5215.00 177.000 788.000 537.000
1138.00 2272.00 -5027.00 145.000 804.000 534.000
1158.00 2203.00 -5812.00 154.000 973.000 494.000
1171.00 1891.00 -6572.00 288.000 1101.00 382.000
1258.00 1652.00 -6201.00 334.000 1003.00 253.000
1360.00 1581.00 -5712.00 373.000 829.000 241.000
1437.00 2098.00 -5844.00 502.000 857.000 356.000
1554.00 2510.00 -6968.00 565.000 1151.00 490.000
1558.00 2109.00 -7601.00 691.000 1334.00 387.000
1658.00 1552.00 -7179.00 647.000 1020.00 179.000
1813.00 1851.00 -6987.00 487.000 1029.00 271.000
1927.00 2515.00 -6411.00 371.000 1024.00 358.000
2064.00 2125.00 -7534.00 555.000 1093.00 283.000
2231.00 1347.00 -8321.00 772.000 1358.00 81.0000
2472.00 1198.00 -7592.00 671.000 1124.00 44.0000
2890.00 1279.00 -7878.00 434.000 1248.00 197.000
3285.00 1505.00 -8939.00 310.000 1861.00 400.000
3546.00 1347.00 -9487.00 333.000 1825.00 358.000
3929.00 1366.00 -10393.0 392.000 1951.00 381.000
4295.00 1684.00 -10477.0 188.000 1855.00 406.000
4492.00 1678.00 -10917.0 181.000 1808.00 431.000
4699.00 2036.00 -11655.0 165.000 1946.00 412.000
4886.00 1745.00 -12202.0 16.0000 1920.00 332.000
5062.00 1318.00 -13218.0 38.0000 1993.00 205.000
5222.00 1106.00 -11932.0 -101.000 1677.00 182.000
5592.00 1669.00 -11841.0 -351.000 1332.00 172.000
5911.00 1653.00 -11591.0 -338.000 1558.00 202.000
6252.00 1469.00 -12137.0 -323.000 1575.00 39.0000
6509.00 1545.00 -12139.0 -296.000 1619.00 3.00000
6626.00 1458.00 -11262.0 -377.000 1316.00 -123.000
6792.00 2116.00 -10992.0 -680.000 1220.00 -151.000
6799.00 2248.00 -10370.0 -910.000 1304.00 -146.000
6944.00 2431.00 -11552.0 -652.000 1348.00 -288.000
6950.00 2486.00 -10622.0 -535.000 1263.00 -349.000
6766.00 2806.00 -9513.00 -852.000 626.000 -559.000
6648.00 2547.00 -9409.00 -928.000 667.000 -637.000
6813.00 2043.00 -10205.0 -319.000 553.000 -717.000
7130.00 1987.00 -10204.0 178.000 415.000 -566.000
7056.00 1993.00 -9832.00 67.0000 -185.000 -536.000
7266.00 2682.00 -8702.00 -335.000 -707.000 -425.000
6923.00 2773.00 -8745.00 -668.000 -1137.00 52.0000
6280.00 2188.00 -7659.00 -292.000 -1320.00 -404.000
6075.00 2031.00 -8081.00 135.000 -1592.00 -658.000
6135.00 2204.00 -8676.00 609.000 -1627.00 -580.000
5823.00 2040.00 -7590.00 474.000 -2114.00 -645.000
5351.00 1812.00 -6166.00 303.000 -2816.00 -801.000
5031.00 1686.00 -5641.00 213.000 -2814.00 -828.000
4854.00 1588.00 -5602.00 300.000 -2648.00 -779.000
4921.00 1781.00 -5496.00 412.000 -2462.00 -628.000
4889.00 1543.00 -5485.00 338.000 -2407.00 -617.000
4851.00 1825.00 -5602.00 101.000 -2253.00 -595.000
4484.00 1751.00 -4937.00 9.00000 -2428.00 -616.000
4164.00 1772.00 -5043.00 146.000 -2490.00 -658.000
3941.00 1747.00 -5214.00 458.000 -2350.00 -652.000
3696.00 1497.00 -5281.00 352.000 -2283.00 -720.000
3786.00 1680.00 -6065.00 276.000 -2017.00 -722.000
3692.00 1905.00 -6067.00 192.000 -2043.00 -611.000
3561.00 2065.00 -6154.00 113.000 -2206.00 -658.000
3285.00 1670.00 -6395.00 100.000 -2231.00 -726.000
2933.00 1334.00 -6410.00 56.0000 -2278.00 -825.000
2531.00 1405.00 -5719.00 -222.000 -2390.00 -800.000
2109.00 1330.00 -4219.00 -520.000 -2555.00 -795.000
2115.00 1486.00 -5143.00 -427.000 -2390.00 -736.000
1774.00 1419.00 -4902.00 -271.000 -1963.00 -650.000
1215.00 1320.00 -4339.00 -387.000 -2244.00 -700.000
943.000 1462.00 -4993.00 -323.000 -1879.00 -631.000
567.000 1530.00 -4437.00 -461.000 -1761.00 -597.000
357.000 1545.00 -4685.00 -479.000 -1933.00 -636.000
273.000 1720.00 -4468.00 -403.000 -1695.00 -508.000
22.0000 1666.00 -4685.00 -490.000 -1834.00 -574.000
-320.000 1585.00 -4596.00 -516.000 -1642.00 -586.000
-662.000 1325.00 -4825.00 -518.000 -1749.00 -641.000
-960.000 1060.00 -4298.00 -357.000 -1886.00 -586.000
-1069.00 1604.00 -4685.00 -134.000 -1901.00 -344.000
-1208.00 1942.00 -4484.00 -133.000 -1987.00 -238.000
-1490.00 1594.00 -4244.00 -269.000 -1911.00 -305.000
-1661.00 1322.00 -4122.00 -343.000 -1864.00 -444.000
-1770.00 1475.00 -4227.00 -198.000 -1634.00 -303.000
-2042.00 1446.00 -3713.00 -141.000 -1667.00 -223.000
-2287.00 1682.00 -3283.00 -151.000 -1665.00 -193.000
-2608.00 1532.00 -3314.00 -16.0000 -1298.00 -107.000
-2998.00 1533.00 -3378.00 140.000 -1232.00 -95.0000
-3478.00 1482.00 -3215.00 321.000 -1017.00 20.0000
-3846.00 1224.00 -3449.00 406.000 -824.000 5.00000
-3956.00 1015.00 -4177.00 354.000 -521.000 13.0000
-4004.00 1042.00 -4502.00 165.000 -289.000 3.00000
-4223.00 1006.00 -3926.00 -2.00000 -220.000 0.000000
-4442.00 957.000 -3905.00 -61.0000 -76.0000 47.0000
-4511.00 872.000 -3912.00 10.0000 33.0000 141.000
-4375.00 1112.00 -4538.00 282.000 418.000 363.000
-4154.00 1585.00 -4684.00 267.000 390.000 467.000
-3905.00 1561.00 -4546.00 331.000 513.000 571.000
-3635.00 1298.00 -4149.00 394.000 475.000 534.000
-2920.00 1563.00 -5241.00 510.000 824.000 574.000
-2187.00 2024.00 -6255.00 661.000 1096.00 685.000
-2090.00 2007.00 -5286.00 484.000 944.000 568.000
-2283.00 1567.00 -5473.00 197.000 923.000 333.000
-1995.00 1912.00 -5696.00 348.000 949.000 333.000
-1852.00 2224.00 -5047.00 504.000 984.000 427.000
-1911.00 1978.00 -5300.00 271.000 987.000 228.000
-1610.00 2242.00 -5888.00 384.000 1415.00 266.000
-1220.00 2135.00 -5535.00 429.000 1242.00 206.000
-952.000 2164.00 -5966.00 358.000 1488.00 180.000
-736.000 2375.00 -6207.00 284.000 1512.00 84.0000
-547.000 2198.00 -6832.00 262.000 1905.00 113.000
-496.000 1714.00 -7311.00 214.000 1811.00 -68.0000
-399.000 1829.00 -7314.00 191.000 1786.00 -50.0000
-223.000 1837.00 -7398.00 78.0000 1702.00 -45.0000
72.0000 1962.00 -7978.00 -104.000 1835.00 -105.000
-31.0000 1701.00 -6930.00 -217.000 1802.00 -111.000
212.000 2188.00 -7429.00 -314.000 1557.00 -175.000
617.000 2054.00 -7842.00 -256.000 1893.00 -143.000
985.000 2221.00 -8750.00 -245.000 1953.00 -199.000
1179.00 2142.00 -8452.00 -358.000 1870.00 -249.000
1432.00 2283.00 -8612.00 -565.000 1855.00 -196.000
1788.00 2558.00 -8747.00 -783.000 1842.00 -271.000
2167.00 2335.00 -9292.00 -786.000 2049.00 -302.000
2418.00 2058.00 -9054.00 -793.000 1869.00 -477.000
2684.00 1870.00 -9393.00 -709.000 1693.00 -479.000
2926.00 1560.00 -9579.00 -549.000 1626.00 -511.000
3001.00 973.000 -9657.00 -538.000 1365.00 -538.000
2962.00 824.000 -10044.0 -524.000 1122.00 -526.000
2874.00 803.000 -9819.00 -498.000 991.000 -312.000
2807.00 833.000 -9756.00 -573.000 703.000 -197.000
2780.00 323.000 -9991.00 -593.000 489.000 -166.000
2855.00 423.000 -9792.00 -536.000 286.000 -61.0000
2936.00 534.000 -9469.00 -549.000 178.000 258.000
3061.00 1212.00 -9581.00 -639.000 -88.0000 511.000
2914.00 1472.00 -9080.00 -559.000 -168.000 724.000
2604.00 1357.00 -8842.00 -538.000 -502.000 723.000
2542.00 1387.00 -9254.00 -392.000 -448.000 808.000
2604.00 1627.00 -9579.00 -230.000 -421.000 1113.00
2542.00 1706.00 -9375.00 -217.000 -718.000 1301.00
2526.00 2018.00 -8605.00 -329.000 -928.000 1445.00
2408.00 1997.00 -8097.00 -418.000 -1114.00 1600.00
2255.00 1954.00 -7883.00 -321.000 -1275.00 1718.00
2243.00 2139.00 -7397.00 -213.000 -1365.00 1956.00
2502.00 2731.00 -7524.00 -120.000 -1392.00 2189.00
2477.00 2804.00 -6773.00 -250.000 -1291.00 2278.00
2407.00 3159.00 -6145.00 -464.000 -1400.00 2290.00
2404.00 3319.00 -6433.00 -229.000 -1245.00 2379.00
2394.00 3432.00 -6783.00 -44.0000 -1014.00 2430.00
2207.00 3464.00 -6452.00 -148.000 -985.000 2375.00
2143.00 3854.00 -6981.00 -147.000 -968.000 2386.00
1958.00 4070.00 -6961.00 -55.0000 -889.000 2419.00
1691.00 3925.00 -6526.00 -71.0000 -1007.00 2260.00
1739.00 4002.00 -6724.00 -32.0000 -976.000 2186.00
1824.00 3951.00 -6805.00 103.000 -791.000 2211.00
1749.00 3766.00 -6395.00 17.0000 -858.000 2083.00
1733.00 3734.00 -6026.00 -50.0000 -854.000 2065.00
1706.00 3694.00 -6258.00 4.00000 -708.000 2073.00
1701.00 3491.00 -6615.00 138.000 -568.000 2073.00
1827.00 3620.00 -7413.00 247.000 -545.000 2072.00
1829.00 3784.00 -6671.00 -37.0000 -591.000 2037.00
1690.00 3622.00 -6392.00 -341.000 -723.000 1895.00
1644.00 3765.00 -5989.00 -439.000 -583.000 1890.00
1916.00 4281.00 -6014.00 -331.000 -548.000 1879.00
2316.00 5007.00 -6249.00 -194.000 -400.000 1894.00
2127.00 4749.00 -5841.00 -291.000 -399.000 1667.00
1811.00 4268.00 -5113.00 -297.000 -507.000 1412.00
2317.00 5076.00 -5978.00 81.0000 -417.000 1452.00
2655.00 5445.00 -6344.00 337.000 -30.0000 1557.00
2387.00 5150.00 -6062.00 38.0000 -310.000 1201.00
1941.00 3797.00 -5595.00 185.000 -422.000 899.000
2196.00 3899.00 -6677.00 673.000 -370.000 912.000
2135.00 3700.00 -7127.00 682.000 -306.000 1039.00
1348.00 2933.00 -5795.00 288.000 -350.000 933.000
1265.00 3039.00 -5918.00 699.000 -813.000 879.000
1686.00 3275.00 -6631.00 1249.00 -439.000 1008.00
1718.00 3122.00 -7417.00 1012.00 -285.000 886.000
1743.00 3142.00 -7101.00 588.000 -401.000 641.000
1735.00 3015.00 -6777.00 442.000 -642.000 440.000
1486.00 2539.00 -7222.00 539.000 -411.000 284.000
1353.00 2715.00 -6859.00 277.000 -411.000 170.000
1503.00 2934.00 -6836.00 264.000 -421.000 141.000
1623.00 2833.00 -7153.00 188.000 -228.000 57.0000
1793.00 3050.00 -7443.00 74.0000 128.000 -53.0000
1930.00 3040.00 -7622.00 3.00000 160.000 -192.000
1892.00 3039.00 -7489.00 -79.0000 320.000 -326.000
1851.00 3043.00 -7332.00 -145.000 135.000 -459.000
1899.00 3130.00 -7162.00 -199.000 295.000 -495.000
2075.00 3416.00 -7012.00 -325.000 330.000 -603.000
2310.00 3662.00 -7014.00 -347.000 446.000 -717.000
2376.00 3478.00 -7120.00 -354.000 497.000 -892.000
2331.00 3338.00 -6869.00 -291.000 481.000 -1081.00
2282.00 3221.00 -7012.00 -324.000 550.000 -1238.00
2251.00 3108.00 -7129.00 -456.000 674.000 -1361.00
2225.00 2992.00 -6815.00 -527.000 617.000 -1477.00
2216.00 3159.00 -6653.00 -517.000 627.000 -1526.00
1993.00 3297.00 -6140.00 -553.000 590.000 -1617.00
1785.00 3085.00 -6295.00 -431.000 819.000 -1681.00
1674.00 2890.00 -6862.00 -243.000 946.000 -1808.00
1652.00 2845.00 -7099.00 -76.0000 1041.00 -1898.00
1557.00 2868.00 -6983.00 -122.000 929.000 -1976.00
1429.00 2839.00 -6692.00 -6.00000 912.000 -2036.00
1343.00 2649.00 -6811.00 197.000 880.000 -2123.00
1306.00 2326.00 -7454.00 338.000 1019.00 -2160.00
1144.00 2386.00 -7370.00 308.000 1022.00 -2211.00
1071.00 2388.00 -7106.00 225.000 902.000 -2204.00
1083.00 2369.00 -7183.00 280.000 978.000 -2183.00
1179.00 2594.00 -7050.00 244.000 1085.00 -2139.00
1392.00 2813.00 -7165.00 216.000 1166.00 -2085.00
1458.00 2566.00 -7776.00 369.000 1227.00 -2103.00
1407.00 2250.00 -8244.00 401.000 1303.00 -2134.00
1304.00 2452.00 -7403.00 271.000 1163.00 -2094.00
1391.00 2654.00 -7161.00 221.000 870.000 -2065.00
1574.00 2775.00 -7377.00 367.000 1109.00 -1993.00
1651.00 2910.00 -7826.00 423.000 1041.00 -2043.00
1579.00 2945.00 -7749.00 465.000 1161.00 -2060.00
1532.00 3044.00 -7334.00 511.000 901.000 -2122.00
1748.00 3292.00 -7410.00 559.000 895.000 -2137.00
1894.00 3438.00 -7700.00 577.000 959.000 -2146.00
1799.00 3251.00 -7697.00 645.000 891.000 -2242.00
1677.00 2930.00 -7620.00 669.000 762.000 -2345.00
1626.00 2737.00 -7680.00 615.000 758.000 -2383.00
1530.00 2521.00 -7295.00 556.000 625.000 -2387.00
1372.00 2442.00 -6977.00 584.000 529.000 -2373.00
1200.00 2305.00 -7098.00 613.000 569.000 -2316.00
1198.00 2111.00 -7451.00 515.000 685.000 -2268.00
1212.00 2105.00 -7689.00 504.000 765.000 -2180.00
1172.00 1979.00 -7566.00 418.000 522.000 -2136.00
1225.00 2217.00 -7203.00 296.000 525.000 -2010.00
1270.00 2156.00 -7071.00 240.000 447.000 -1980.00
1361.00 2086.00 -7214.00 310.000 418.000 -1957.00
1390.00 1885.00 -7562.00 409.000 484.000 -1881.00
1456.00 2036.00 -7920.00 369.000 453.000 -1846.00
1414.00 2156.00 -7489.00 149.000 306.000 -1847.00
1375.00 1986.00 -7903.00 9.00000 348.000 -1903.00
1259.00 1649.00 -8306.00 10.0000 381.000 -1938.00
1013.00 936.000 -8060.00 -25.0000 259.000 -1965.00
1096.00 1176.00 -8014.00 -83.0000 -120.000 -1992.00
1346.00 1290.00 -8347.00 160.000 183.000 -1656.00
1369.00 1139.00 -8460.00 102.000 -68.0000 -1710.00
1148.00 746.000 -8066.00 10.0000 -104.000 -1738.00
864.000 208.000 -7569.00 -62.0000 -227.000 -1680.00
866.000 646.000 -8211.00 79.0000 -195.000 -1450.00
988.000 950.000 -8767.00 200.000 116.000 -1087.00
1106.00 1152.00 -8553.00 19.0000 19.0000 -988.000
1226.00 1359.00 -7950.00 -84.0000 -267.000 -910.000
1288.00 1379.00 -7426.00 6.00000 -367.000 -806.000
1133.00 1303.00 -6910.00 89.0000 -484.000 -793.000
1030.00 1279.00 -6882.00 125.000 -345.000 -590.000
1140.00 1583.00 -7003.00 216.000 -341.000 -361.000
1357.00 2005.00 -7400.00 271.000 -183.000 -68.0000
1434.00 2449.00 -7016.00 90.0000 -206.000 77.0000
1463.00 2421.00 -6798.00 -106.000 -281.000 153.000
1607.00 2446.00 -6848.00 128.000 -317.000 247.000
1696.00 2236.00 -6742.00 258.000 -414.000 346.000
1860.00 2466.00 -6396.00 184.000 -565.000 423.000
1919.00 2461.00 -6321.00 54.0000 -452.000 575.000
1961.00 2526.00 -6239.00 -85.0000 -508.000 597.000
1906.00 2526.00 -6218.00 -167.000 -402.000 660.000
1842.00 2498.00 -6406.00 -415.000 -290.000 642.000
1807.00 2158.00 -6280.00 -439.000 -161.000 681.000
1806.00 2081.00 -6516.00 -197.000 -353.000 698.000
1777.00 1712.00 -6747.00 -56.0000 -290.000 792.000
1859.00 1789.00 -7253.00 -104.000 -245.000 855.000
1929.00 1919.00 -7268.00 -247.000 -267.000 1012.00
1951.00 2008.00 -7453.00 -295.000 -351.000 1122.00
1900.00 1702.00 -7263.00 -301.000 -456.000 1157.00
1996.00 1713.00 -7085.00 -266.000 -612.000 1217.00
2089.00 1764.00 -7264.00 -224.000 -556.000 1389.00
2039.00 1732.00 -7046.00 -252.000 -543.000 1502.00
1964.00 1797.00 -6885.00 -289.000 -676.000 1588.00
1974.00 1818.00 -7214.00 -295.000 -602.000 1722.00
1940.00 1800.00 -6884.00 -323.000 -588.000 1821.00
1873.00 1852.00 -6641.00 -353.000 -640.000 1919.00
1908.00 2403.00 -6467.00 -314.000 -593.000 2111.00
2064.00 2732.00 -7045.00 -176.000 -440.000 2286.00
2101.00 2758.00 -7359.00 -35.0000 -339.000 2313.00
1891.00 2410.00 -6430.00 -59.0000 -516.000 2283.00
1943.00 2506.00 -6211.00 56.0000 -583.000 2347.00
2058.00 2629.00 -6081.00 137.000 -423.000 2494.00
2037.00 2981.00 -6224.00 -29.0000 -136.000 2597.00
2066.00 3182.00 -5954.00 -134.000 -113.000 2604.00
2093.00 2986.00 -6137.00 30.0000 -26.0000 2616.00
2394.00 2949.00 -6913.00 278.000 -75.0000 2544.00
2572.00 2913.00 -6909.00 396.000 41.0000 2613.00
2603.00 3042.00 -6719.00 129.000 -71.0000 2565.00
2674.00 3340.00 -6750.00 -230.000 180.000 2564.00
2700.00 3233.00 -6550.00 -441.000 308.000 2511.00
3128.00 3316.00 -6953.00 -437.000 335.000 2477.00
3660.00 3339.00 -7667.00 -318.000 516.000 2550.00
4047.00 3933.00 -8073.00 -453.000 564.000 2574.00
4396.00 4557.00 -8921.00 -479.000 530.000 2569.00
4606.00 4611.00 -9954.00 -347.000 575.000 2450.00
4757.00 4249.00 -10331.0 -185.000 282.000 2199.00
4834.00 4014.00 -10003.0 -196.000 -189.000 1953.00
4769.00 4040.00 -9264.00 -351.000 -497.000 1783.00
4639.00 3897.00 -8997.00 -445.000 -783.000 1589.00
4582.00 3730.00 -9079.00 -299.000 -730.000 1520.00
4517.00 3783.00 -9026.00 -343.000 -875.000 1435.00
4324.00 3773.00 -8832.00 -579.000 -891.000 1351.00
4062.00 3500.00 -8367.00 -655.000 -1096.00 1215.00
3988.00 3587.00 -8978.00 -508.000 -1124.00 1149.00
3731.00 3294.00 -8299.00 -475.000 -1334.00 1078.00
3558.00 3304.00 -7828.00 -434.000 -1624.00 1010.00
3552.00 3345.00 -7243.00 -510.000 -1712.00 943.000
3575.00 3461.00 -7530.00 -646.000 -1447.00 901.000
