-168.352 7.31181 -21.0574
-133.909 4.41443 -17.1406
43.7060 -4.48242 4.74783
162.350 -9.39850 19.8191
137.329 -6.92897 17.2497
34.9415 -1.20687 4.80185
-41.6576 2.50547 -4.83264
-49.5609 2.49968 -6.09733
-14.7557 0.442554 -1.95552
16.5711 -1.07435 1.86391
21.6683 -1.08352 2.37882
7.98017 -0.233229 0.571858
-5.75725 0.440841 -1.16348
-8.99708 0.490990 -1.59075
-3.79033 0.146468 -0.943611
2.15653 -0.158441 -0.157596
3.91725 -0.281969 0.129227
2.01027 -0.209108 0.00410197
-0.518247 -0.0576141 -0.248896
-1.56334 0.118473 -0.252296
-0.923089 0.113849 -0.0591873
0.184218 -0.00583275 0.108910
0.695588 -0.0937108 0.205213
0.466447 -0.160218 0.108920
0.0613676 -0.0826512 0.0243509
-0.210212 0.0450061 0.0109836
-0.224513 0.103675 0.0315302
-0.00853313 0.0709101 0.0390989
0.105891 0.00534950 0.170929
0.0576566 -0.0322579 0.266559
-0.113865 -0.0272374 0.291689
-0.213012 -0.00295184 0.359345
-0.163577 0.0131796 0.420470
-0.189053 0.0121968 0.419310
-0.221233 0.0761779 0.515202
-0.176035 0.127892 0.655059
-0.220457 0.108998 0.658191
-0.177750 0.0421152 0.583263
-0.0549029 0.0591572 0.543411
-0.0265321 0.103162 0.500368
0.00926255 0.248896 0.501116
0.0478137 0.316428 0.482795
0.0568340 0.225236 0.345578
0.107252 0.135414 0.211870
0.209291 0.157384 0.187314
0.308012 0.259185 0.182394
0.280487 0.347771 0.128266
0.141004 0.297107 0.117567
0.148427 0.137263 0.0413798
0.208036 -0.0836160 -0.0493467
0.264717 -0.122473 -0.230275
0.299489 -0.0915470 -0.243315
0.240756 -0.0522051 -0.245183
0.185857 -0.0988396 -0.288468
0.131347 -0.0692929 -0.340159
0.144088 -0.0590901 -0.359991
0.224341 -0.137617 -0.419580
0.163849 -0.187951 -0.380781
0.161761 -0.142721 -0.217196
0.177512 0.0289320 -0.183266
0.142509 0.160195 -0.280864
0.0630904 0.154043 -0.383034
0.141260 0.0570405 -0.330994
0.161301 -0.0291171 -0.226989
0.152637 0.0240409 -0.194428
0.110720 0.185769 -0.174264
0.0514571 0.259371 -0.115914
0.0780891 0.179560 -0.0378628
0.0452253 0.185189 -0.0584412
0.120694 0.213314 -0.181195
0.197975 0.173537 -0.386206
0.250040 0.0756890 -0.505880
0.209100 0.137487 -0.474079
0.172410 0.152703 -0.364103
0.130832 0.148458 -0.282376
0.147992 0.0384959 -0.198654
0.0786965 -0.00389923 -0.248451
0.0448234 0.0248148 -0.358091
0.123100 -0.0174464 -0.415439
0.185073 -0.0828568 -0.390672
0.148729 -0.170870 -0.257910
-0.0225519 -0.260759 -0.161929
-0.158548 -0.247150 -0.182328
-0.156362 -0.132498 -0.348352
-0.133735 -0.0827387 -0.483158
-0.104778 -0.0109906 -0.554159
-0.0636454 -0.0939837 -0.589586
-0.169035 -0.197154 -0.467289
-0.187006 -0.264789 -0.296076
-0.159523 -0.295274 -0.138537
-0.176586 -0.306825 -0.182808
-0.174552 -0.313280 -0.259923
-0.115341 -0.245133 -0.297190
-0.0327459 -0.190157 -0.226504
-0.0530437 -0.136153 -0.239557
-0.105385 -0.220939 -0.250721
-0.0329754 -0.283597 -0.256317
0.00510159 -0.291661 -0.124878
0.0591973 -0.281812 -0.0336482
0.0161319 -0.286801 -0.0198796
-0.0609296 -0.307115 0.0367052
-0.0884830 -0.326109 0.0193276
-0.0540168 -0.258492 0.108518
-0.00208903 -0.268706 0.196885
0.0247806 -0.265688 0.253921
-0.0545998 -0.182212 0.286104
-0.132136 -0.132822 0.379474
-0.198614 -0.106583 0.450489
-0.185237 -0.0723431 0.363628
-0.0988142 -0.177267 0.382446
-0.155156 -0.189295 0.457820
-0.231442 -0.230691 0.548733
-0.277361 -0.232139 0.544357
-0.295635 -0.154608 0.517051
-0.304274 -0.119324 0.463261
-0.312714 -0.107013 0.465760
-0.246689 -0.152556 0.465692
-0.191865 -0.166697 0.495457
-0.210547 -0.111315 0.487479
-0.279415 -0.101978 0.421980
-0.190295 -0.0340461 0.194711
-0.0136787 -0.0997755 0.0319097
0.247137 -0.114247 -0.0785047
0.285083 -0.121199 -0.107674
0.192315 -0.103624 0.00601862
0.0739309 -0.0597228 0.122889
0.000800243 -0.0871579 0.283549
0.0590572 -0.121159 0.401960
0.132800 -0.102221 0.346033
0.201492 -0.116211 0.232865
0.262877 0.0250198 0.120262
0.233713 0.103846 0.0398501
0.121249 0.138971 0.149440
0.0814744 0.190996 0.261645
0.0162962 0.0432507 0.305015
0.0249701 -0.147936 0.226764
0.0650464 -0.129908 0.0118899
0.148357 0.0171812 -0.153561
0.175687 0.118194 -0.161551
0.189928 0.103285 -0.136285
0.157902 0.0252790 -0.176093
0.157454 0.0402159 -0.192546
0.0702234 0.0198051 -0.0597334
0.0325447 0.0436494 -0.0540393
0.118076 0.00132369 -0.0526535
0.0402116 -0.0617757 0.0558559
-0.0381153 -0.00622435 0.153820
-0.0418713 0.0862316 0.146995
0.000778567 0.187222 -0.0122978
-0.0413128 0.197975 -0.00373634
-0.102933 0.187649 0.108760
-0.106637 0.218360 0.311937
-0.127294 0.133621 0.377909
-0.0542945 0.0670051 0.394022
-0.0269381 0.0450205 0.313028
-0.0444455 0.114273 0.305162
-0.130699 0.162030 0.282263
-0.173268 0.199023 0.331852
-0.124111 0.246951 0.247211
-0.0327806 0.223485 0.140874
-0.0448418 0.196381 0.138413
-0.0236815 0.147417 0.158661
0.0280894 0.0763760 0.125494
0.131555 -0.0607244 0.123997
0.177118 -0.0755407 0.120221
0.198375 -0.0692502 0.157292
0.237078 -0.0616284 0.235644
0.215840 -0.0451925 0.163315
0.121997 0.126749 0.154285
-0.0554662 0.264935 0.0978053
-0.167441 0.383269 0.0830404
-0.291923 0.431150 0.0847167
-0.310808 0.475172 0.140832
-0.269348 0.399733 0.0889306
-0.247656 0.356596 -0.0212471
-0.198172 0.361614 -0.0849805
-0.181786 0.445867 -0.142059
-0.226274 0.567240 -0.220147
-0.296191 0.581913 -0.148898
-0.268192 0.472860 -0.147126
-0.288034 0.412092 -0.0985961
-0.199652 0.402559 -0.161079
-0.117813 0.393828 -0.220394
-0.142590 0.438381 -0.181062
-0.0994328 0.388811 -0.219473
-0.0751951 0.291790 -0.171525
0.00661060 0.166205 -0.123277
0.0810019 0.127619 -0.158171
0.0891784 0.124026 -0.106977
0.116456 0.0214325 0.00208161
0.199327 -0.166215 -0.00111383
0.221350 -0.179125 -0.140706
0.143091 -0.0460064 -0.229924
0.104257 0.00222778 -0.178340
0.169403 -0.0371743 -0.0516219
0.134355 -0.0755549 -0.0327473
0.0917128 -0.137804 -0.00484894
0.136688 -0.227101 -0.0381358
0.172984 -0.158672 -0.00605287
0.132903 -0.151557 0.0547555
0.119991 -0.170640 0.151115
0.186175 -0.216173 0.181386
0.212148 -0.199631 0.266163
0.218121 -0.184678 0.363324
0.169650 -0.146132 0.402343
0.155169 -0.227180 0.374831
0.211220 -0.355026 0.325942
0.147092 -0.418551 0.225209
0.0819260 -0.318658 0.244355
0.123181 -0.124008 0.339705
0.0943632 0.0282252 0.403123
0.0778405 -0.00489352 0.391283
-0.00330188 -0.103241 0.339290
-0.00652422 -0.206712 0.300550
0.0422233 -0.208857 0.223084
-0.00372596 -0.113198 0.108203
-0.00841415 -0.00544321 0.0838080
0.0285305 0.0441899 0.249604
0.0541600 -0.0420048 0.284700
-0.0310253 -0.208729 0.142572
-0.0474299 -0.193593 -0.102097
-0.0665421 -0.113963 -0.157158
-0.0762122 -0.0462096 -0.0432508
-0.0585150 -0.0879565 0.150107
-0.0234214 -0.140209 0.0838953
0.00466904 -0.0486749 -0.108817
-0.0612169 0.00867683 -0.203441
-0.0532697 -0.00449057 -0.140952
0.0155203 -0.0373712 -0.165498
-0.00898813 0.0301003 -0.283468
-0.00190432 0.0370315 -0.532081
-0.0388488 -0.0151423 -0.666382
-0.151701 -0.0570795 -0.657065
-0.207417 -0.0516801 -0.748364
-0.223054 -0.0166120 -0.773089
-0.245654 0.0123917 -0.926476
-0.285368 0.0177764 -1.01982
-0.321653 0.0805324 -0.932439
-0.262861 0.128058 -0.742500
-0.125278 0.106648 -0.746431
-0.148063 0.0401585 -0.909172
-0.217307 -0.0149641 -0.978671
-0.198559 0.0450306 -0.942596
-0.167459 0.0467063 -0.822171
-0.196673 -0.0114723 -0.766793
-0.197957 -0.0579699 -0.827445
-0.202543 -0.0539363 -0.862514
-0.165809 -0.0916873 -0.725638
-0.161053 -0.0463406 -0.629255
-0.218105 0.0373134 -0.630454
-0.149264 0.151865 -0.672869
-0.0797810 0.188087 -0.766329
-0.0463634 0.121720 -0.734377
-0.0342023 -0.0520919 -0.627319
-0.0233696 -0.169576 -0.485283
0.0641710 -0.0756486 -0.365905
0.0601221 0.0105166 -0.307208
0.0599513 0.0885040 -0.378123
0.0647502 0.110476 -0.382828
0.201292 -0.00215259 -0.169807
0.291948 -0.118943 0.0773064
0.302818 -0.134143 0.172255
0.283645 -0.0630034 0.180576
0.281277 0.0139383 0.128821
0.375448 0.0415066 0.0550535
0.383870 -0.0507424 0.0744668
0.389784 -0.138636 0.190259
0.318458 -0.132102 0.313640
0.316819 -0.0544949 0.296447
0.290242 0.0179147 0.150724
0.332130 -0.0345820 0.0732834
0.316894 -0.0400416 -0.00531810
0.344164 -0.0630092 0.0868394
0.311266 -0.0792188 0.126902
0.332852 0.0104632 0.138780
0.305428 0.0332969 0.332220
0.260688 -0.0130558 0.454192
0.177142 0.0178360 0.496632
0.223006 0.00588678 0.529041
0.192251 -0.0374235 0.434060
0.145201 -0.0594443 0.369124
0.0931892 -0.0419710 0.433638
0.117742 -0.00793414 0.425729
0.0677348 0.0136931 0.413746
0.0494106 -0.0600164 0.472579
0.0574745 -0.0562717 0.504898
0.0555245 0.0128675 0.454818
0.0322599 0.138521 0.362664
0.00415210 0.117524 0.371290
-0.0845964 -0.00101488 0.420141
-0.0683307 -0.0862529 0.499467
-0.0560995 -0.0808993 0.584656
-0.131370 -0.0227428 0.569065
-0.109075 0.0241749 0.454244
-0.156563 0.0306426 0.478938
-0.198453 -0.0636775 0.540573
-0.159989 -0.0683844 0.590106
-0.212355 -0.0684964 0.544534
-0.398379 0.00646841 0.499671
-0.456048 0.0820270 0.451476
-0.371417 0.0918504 0.319052
-0.269176 0.118539 0.281322
-0.315039 0.125683 0.405237
-0.414583 0.0874007 0.440900
-0.521091 0.101700 0.436582
-0.455092 0.119584 0.332295
-0.378689 0.0199536 0.231330
-0.275531 -0.0221017 0.289521
-0.217295 0.00904998 0.330594
-0.161835 -0.0256958 0.314696
-0.0882794 -0.00933794 0.285001
-0.0194773 -0.0346546 0.207224
-0.0575082 0.00378103 0.169622
-0.0421273 0.0622627 0.211950
-0.0534892 0.00423521 0.291712
-0.0709750 -0.161861 0.346573
-0.0623357 -0.172637 0.279264
-0.103428 -0.0456191 0.198140
-0.0570808 -0.00177221 0.196991
0.0326591 -0.114572 0.191146
0.153123 -0.135105 0.127441
0.117422 -0.0436306 0.111319
0.0643993 0.0521991 0.0367757
0.0399731 0.0752476 -0.0494422
0.0328426 0.0359750 -0.00599922
0.0240918 -0.0109610 0.00992834
0.0844111 -0.0277241 -0.0200395
0.0580946 -0.0153707 0.0261512
0.0501917 0.00357879 -0.0573123
0.133077 0.0854681 -0.166564
0.113871 0.0662674 -0.250687
0.159368 0.0544732 -0.223010
0.124006 -0.0164541 -0.181464
0.172734 -0.00817689 -0.277440
0.214740 0.120601 -0.333816
0.169804 0.207127 -0.317894
0.139758 0.313325 -0.357413
0.188076 0.317531 -0.410429
0.205628 0.415354 -0.340796
0.139200 0.436237 -0.311010
0.110691 0.440452 -0.338707
0.102931 0.495366 -0.369685
0.0775353 0.512626 -0.367177
0.0339866 0.524441 -0.265716
0.0712717 0.488973 -0.255500
0.117541 0.409278 -0.326593
0.179572 0.332638 -0.312784
0.178926 0.297561 -0.178781
0.104652 0.303429 -0.170658
0.0155401 0.323703 -0.282610
0.0425828 0.334877 -0.387237
0.105626 0.257868 -0.331683
0.186450 0.189865 -0.224603
0.191177 0.129212 -0.0441923
0.110540 0.0678304 0.0183763
0.0872187 0.0172985 0.0527790
0.0965558 -0.00826203 -0.00718822
0.158085 -0.00980759 -0.00641095
0.175328 -0.0747455 0.0405818
0.188385 -0.201349 0.0676511
0.158527 -0.242326 0.0493763
0.0854738 -0.230937 0.0103762
0.0124660 -0.235963 -0.0893524
-0.0227653 -0.200840 -0.149455
-0.0187755 -0.186248 -0.0442534
0.000198276 -0.226645 0.0219923
0.0114298 -0.219497 0.0792216
0.00910529 -0.206536 0.0225442
-0.0731384 -0.232263 0.0806423
-0.0636638 -0.286381 0.0949468
0.0144821 -0.256811 0.0383357
-0.00383841 -0.210563 -0.0272100
0.00277300 -0.144164 -0.0483509
-0.0380629 -0.141320 -0.0265647
-0.0798467 -0.215286 0.0781544
-0.150451 -0.380025 0.150451
-0.168329 -0.487500 0.0515895
-0.108879 -0.465153 -0.0166594
-0.0973440 -0.442008 0.0686999
-0.179007 -0.423770 0.166591
-0.218177 -0.391376 0.0866015
-0.226634 -0.497651 -0.0634061
-0.172971 -0.511393 0.0152432
-0.0791435 -0.332246 0.101973
-0.000841670 -0.230485 0.0143711
0.0278527 -0.193446 -0.0463084
-0.131746 -0.144601 0.123783
-0.197354 -0.142284 0.219182
-0.183627 -0.134541 0.143608
-0.113989 -0.162776 -0.0716344
-0.0362917 -0.233560 -0.136145
-0.0641413 -0.306861 -0.0444943
-0.116610 -0.270306 0.0632184
-0.111773 -0.135137 0.0891167
-0.126446 -0.0760712 0.116406
-0.0516711 -0.153597 0.0460226
-0.0255915 -0.360048 -0.199369
-0.0448995 -0.428967 -0.207291
-0.131818 -0.206443 -0.0926293
-0.173903 -0.0701168 0.00691297
-0.123995 -0.0717693 0.0326407
-0.0323486 -0.178552 0.00819666
-0.0445861 -0.370579 -0.0186013
-0.0976459 -0.488987 -0.0223476
-0.105098 -0.391764 -0.00843249
-0.0568427 -0.231971 0.00551570
0.000609436 -0.0986355 0.00906206
0.0268166 -0.0988117 -0.0697850
0.0188185 -0.209339 -0.0608693
-0.000868561 -0.326093 0.0149065
-0.0854017 -0.300072 0.142794
-0.0677740 -0.222085 0.193695
-0.0557218 -0.0548505 0.0574630
-0.0576072 0.0104782 -0.106621
-0.0503397 -0.0207316 -0.0788546
-0.0275720 -0.0613304 0.0502536
-0.00329189 -0.0579787 0.123790
0.00866878 0.0524648 0.0188719
-0.0668220 0.0705016 -0.0437966
-0.132809 0.0748689 -0.0165325
-0.118379 0.144688 -0.0376936
-0.120770 0.108961 -0.00595534
-0.116745 0.00112040 0.0482154
-0.0806950 -0.0735184 -0.00592744
-0.0280865 0.00470737 -0.0903023
0.00919246 0.113476 -0.184540
-0.0566455 0.208788 -0.0461203
-0.126647 0.128615 0.00597282
-0.119767 -0.0266519 -0.0498089
-0.125496 -0.0370220 -0.103590
-0.119741 -0.0263509 -0.0892779
-0.0804003 -0.0308906 -0.103941
-0.0261473 -0.0357334 -0.114273
-0.0633183 -0.0267396 -0.159486
-0.115693 -0.00920758 -0.0912914
-0.108780 0.0779574 -0.0461414
-0.123464 0.139873 -0.116321
-0.0505801 0.0430947 -0.104848
-0.0262841 -0.0174959 -0.0145294
-0.119943 -0.00107745 0.134289
-0.191410 0.111279 0.125391
-0.228952 0.179793 0.00602717
-0.185676 0.212676 -0.0856000
-0.160195 0.0993228 -0.0844645
-0.131775 0.0237414 -0.0259378
-0.0806804 0.0944510 0.0236802
-0.0978703 0.174150 0.105987
-0.122167 0.230130 -0.00315054
-0.0986617 0.196482 -0.0866420
-0.113389 0.0942333 -0.0659196
-0.196607 0.146797 -0.0690961
-0.222724 0.301807 -0.0851924
-0.294062 0.338462 -0.0749738
-0.298160 0.354523 -0.0370524
-0.190916 0.368137 -0.0733746
-0.120595 0.366214 -0.0430502
-0.239589 0.347113 0.0290504
-0.333436 0.325470 0.0694156
-0.336596 0.388553 0.0529908
-0.297575 0.449034 -0.0633409
-0.277716 0.436655 -0.150900
-0.144725 0.369627 -0.133063
-0.128151 0.234943 0.0261602
-0.0925880 0.157732 0.156986
-0.0954914 0.266585 0.228647
-0.172049 0.270439 0.192941
-0.129799 0.275306 0.0873068
-0.00668122 0.235978 -0.0802093
0.0792248 0.138367 -0.0979404
0.00246263 0.180288 0.145486
-0.0372098 0.239505 0.196606
0.0697995 0.126145 0.115451
0.174676 0.0979487 0.0175219
0.164631 0.132607 0.0478771
0.141609 0.134815 0.116253
0.110766 0.152547 0.196320
0.0656107 0.141655 0.121368
0.0199346 0.160308 0.124084
0.0668276 0.226895 0.0881222
0.0480695 0.302821 0.0882819
0.0526691 0.344771 0.0927457
0.0669411 0.270873 -0.00407926
0.0595992 0.266216 -0.0315780
0.0296225 0.330046 0.0124782
-0.000388698 0.308850 0.0551938
0.0610550 0.321393 0.0529649
0.124559 0.286917 0.0191346
0.115401 0.246839 0.0629130
0.0492163 0.247891 0.114907
-0.0127057 0.286320 0.0327831
0.0416757 0.252301 0.0626003
0.116617 0.208655 0.142709
0.120173 0.219616 0.156839
0.131428 0.128920 0.0144169
0.124186 -0.00915492 -0.129651
0.0805405 -0.0125539 -0.0782095
0.0975936 0.0615802 0.135087
0.120292 0.174963 0.263983
0.0967166 0.0555405 0.206260
0.0388039 -0.0668087 0.127786
