108.106 -46.5345 306.843
-9.53031 3.98660 -28.0335
-125.600 53.8717 -356.610
-6.67632 3.20151 -19.5525
67.7707 -29.0601 191.424
-38.3382 16.2222 -109.212
-9.29119 4.01104 -26.2131
26.2351 -11.0869 74.1013
-12.6919 5.53044 -35.8677
-5.18705 2.19610 -14.4190
9.86903 -4.48893 29.0323
-4.21020 1.67420 -10.8576
-2.70826 1.21483 -6.98732
3.68190 -1.67690 11.2142
-1.42370 0.487766 -2.84287
-1.28476 0.547193 -3.06882
1.42715 -0.416186 4.22153
-0.485186 0.313638 -0.737019
-0.733587 0.185391 -1.33297
0.767803 -0.492197 1.38325
-0.0116875 0.108465 -0.378483
-0.528165 0.326048 -0.647551
0.179019 -0.0939672 0.422086
0.150841 0.100617 -0.0560807
-0.391140 0.0931037 -0.242603
0.0657259 -0.257497 0.0504282
0.302043 -0.0563653 -0.0811384
-0.259128 0.167337 0.0237819
-0.0972223 -0.0763722 -0.374237
0.336281 -0.0356589 -0.403258
0.208824 0.0633932 -0.0955362
0.0106531 -0.0237908 -0.449521
0.0562917 -0.0171123 -0.660067
0.360911 0.0238173 -0.202862
0.364790 -0.210201 -0.619581
-0.0754745 -0.192640 -1.01233
0.263298 0.0599483 -0.371733
0.288917 0.0621603 -0.296198
-0.294887 -0.269638 -0.811767
0.0681852 -0.172651 -0.489369
0.214752 -0.329073 -0.323898
-0.315629 -0.329704 -0.535327
-0.0804057 0.0415270 -0.136007
0.0102536 -0.0552286 -0.00163082
-0.482807 -0.496181 -0.437636
-0.384417 -0.341354 -0.199084
0.0110410 -0.214174 0.184391
0.0227901 -0.169852 -0.214752
-0.418939 0.0552541 -0.0634659
-0.366981 0.262986 0.296719
-0.0962634 -0.0806558 0.421110
-0.264902 -0.0222849 0.00668717
-0.259167 0.197241 0.212330
-0.0679382 0.256825 0.516759
-0.132536 -0.152649 0.413945
-0.250960 0.0231337 0.158476
-0.285268 0.407374 0.569996
0.0316850 0.210449 0.347333
-0.134440 -0.170333 -0.180513
-0.381821 -0.206751 0.336022
-0.0266677 -0.100594 0.701386
0.214158 -0.00339578 0.236452
-0.523449 0.0567667 -0.0277020
-0.199255 -0.0298319 0.262287
0.166337 -0.212585 0.354364
-0.146070 -0.366526 0.119395
-0.156503 -0.143320 -0.0880110
-0.0265215 0.110304 -0.0113693
-0.0125910 -0.397268 0.250075
-0.241303 -0.426807 0.362669
-0.293671 0.135638 0.532990
-0.233366 0.135205 0.475930
-0.0141135 -0.554754 0.276572
-0.238304 -0.137419 0.259124
-0.151530 0.141324 0.370381
-0.150178 0.0416567 0.108011
0.0638846 -0.151431 0.311555
-0.0191117 -0.0669080 0.571924
-0.364045 0.152324 0.329609
-0.241496 0.249758 0.180234
0.168514 0.141113 0.192514
0.224133 0.298101 0.150248
0.0899348 0.219743 0.315201
0.00146512 -0.125984 0.610132
0.153281 0.164959 0.449068
0.211182 0.0663147 0.457776
-0.0429475 0.133714 0.675936
0.323454 0.337599 0.293228
0.238105 0.260041 0.00135859
-0.0888050 0.176636 0.150821
0.277431 0.436498 0.470255
0.349052 0.315909 0.246657
-0.195529 0.0527305 0.144069
-0.0586772 0.173260 0.0919513
0.337479 0.169212 0.435739
0.125710 0.375023 0.299959
-0.284498 0.300755 0.126408
0.00525341 0.157318 -0.127203
0.0775856 0.258146 0.0674660
0.00781985 0.435283 0.161241
0.101458 0.274485 -0.171876
0.102197 0.284252 -0.0824134
-0.117143 0.157617 -0.125268
0.0191724 0.323056 -0.335089
0.0477498 0.335208 -0.265929
0.161519 -0.0420991 -0.174001
0.187914 0.0529701 -0.638413
0.171759 0.294799 -0.503064
0.106181 -0.0468074 -0.000769047
0.0115155 0.282698 -0.515047
0.341290 0.267355 -0.806172
0.401232 0.116088 -0.448352
0.113612 0.242783 -0.297926
0.235461 0.123043 -0.630403
0.473005 -0.00338249 -0.435640
0.261078 0.246899 -0.450052
0.0703596 0.217549 -0.484892
0.190027 0.0452748 -0.510868
0.352039 0.0283933 -0.418607
0.361603 0.158515 -0.320265
-0.131156 -0.00931805 0.146622
-0.251122 0.187396 0.0224022
-0.356998 0.137896 -0.0221118
-0.0733259 0.0448430 0.149802
0.00222040 0.0429727 -0.117980
-0.101512 0.115873 -0.315909
-0.101008 0.107150 -0.318017
-0.0868044 0.183084 -0.466142
-0.204426 -0.000329459 -0.193571
-0.199208 0.106388 -0.00532769
-0.282633 -0.162942 -0.202021
-0.200023 -0.206719 -0.0336816
0.104748 -0.0176786 -0.277004
-0.161033 -0.228728 -0.432671
-0.0578720 0.0800358 -0.126089
0.0618174 0.525053 -0.00756360
-0.151951 -0.231692 0.108316
-0.307674 -0.436334 0.254621
-0.0401639 0.221379 -0.0424219
-0.188504 0.0804896 0.0972814
-0.171478 -0.162327 0.474445
-0.162575 -0.136407 0.130979
0.0825743 0.0579896 -0.361252
-0.0251391 -0.0284604 0.250674
-0.369748 0.0514469 0.273996
0.171870 0.127335 -0.479206
0.333461 -0.141025 -0.318682
-0.268774 -0.288800 0.273747
-0.169317 -0.120907 0.193761
0.445610 -0.0880521 -0.350798
0.116736 -0.253124 -0.329619
-0.131168 -0.306763 -0.362072
0.227973 0.0471818 -0.230352
0.0271415 0.0696065 -0.408037
-0.0763391 -0.205537 -0.244307
0.177636 -0.275692 -0.374922
0.298094 -0.0338298 -0.259406
0.0331944 -0.209408 -0.382089
-0.00505511 -0.364021 -0.0435431
-0.0162407 -0.140519 0.00131018
0.210577 -0.0958520 -0.319629
-0.0149943 -0.175458 -0.275709
-0.241893 -0.00453222 0.168466
-0.213875 0.299540 -0.164646
-0.0562444 -0.0742006 -0.291669
-0.226399 -0.0454262 -0.100774
-0.340986 0.209349 -0.303012
-0.147058 0.0575710 -0.0344631
0.0997321 -0.549717 -0.0810161
0.221160 -0.309927 -0.179864
0.127533 -0.269960 -0.0719545
0.384306 -0.498826 -0.00323071
0.316074 -0.597033 -0.331532
0.142023 -0.156653 0.101974
0.260378 -0.333172 0.252624
0.238557 -0.529824 -0.0413526
0.0840841 -0.543582 0.103504
0.335687 -0.582859 0.470166
0.427502 -0.514407 -0.0727905
0.0365360 -0.222549 0.0660401
0.329618 -0.472492 0.245507
0.190452 -0.576421 0.239077
-0.0662737 -0.240877 0.178044
0.286960 -0.434299 0.102691
0.127955 -0.389425 0.246923
-0.170224 -0.0648187 0.207708
-0.0211964 -0.0646560 -0.0290841
-0.0445093 -0.291818 0.253543
-0.133064 -0.0898733 0.130717
-0.0950795 0.242891 -0.357915
-0.385200 0.410531 0.188498
-0.191570 -0.0989703 0.579459
0.152063 -0.291775 0.0198448
-0.196848 0.263061 -0.138225
-0.464977 0.292179 0.0735918
0.117516 -0.147699 0.219445
0.104554 0.148309 -0.0675153
-0.468512 0.495199 -0.00821699
-0.235649 -0.112650 -0.0219826
0.218822 0.0796595 -0.127928
-0.218940 0.460379 -0.280343
-0.484797 0.205910 -0.0707351
-0.0609274 -0.0541425 -0.385518
-0.0865794 0.298200 -0.547832
-0.222900 0.147064 -0.307435
-0.180855 0.325180 -0.207411
-0.285037 0.548601 -0.389118
-0.00496388 0.338345 -0.122235
0.0931296 -0.0168512 -0.292298
-0.397296 -0.00104121 -0.577401
-0.0740755 0.000786370 -0.335996
0.191255 0.197079 -0.173134
-0.0207107 0.188578 -0.397154
-0.141628 0.153020 -0.337915
-0.0414214 0.118363 -0.0582795
0.130383 0.0131316 0.0449102
0.0479594 -0.0725469 -0.194631
-0.236526 0.0355255 -0.614107
-0.0466049 0.217017 -0.104686
0.352905 0.360601 0.355649
-0.0879862 -0.0582336 0.208409
-0.0637744 -0.0900218 -0.195990
0.228801 0.224726 -0.126080
0.0541352 0.273490 -0.197695
-0.151129 0.0253165 0.279234
0.0669192 -0.190172 0.385602
0.236767 -0.00593123 -0.0442593
-0.0753628 0.239337 -0.168895
-0.215388 0.0230583 0.529895
0.206251 -0.338617 0.577782
0.0874222 0.0907067 0.625168
-0.0989933 0.257733 0.621130
0.364850 -0.0391216 0.506674
0.302072 -0.103639 0.957950
-0.00621647 0.0835457 0.917800
0.362989 -0.00229499 0.926929
0.456067 -0.0417792 1.07097
0.206442 -0.174085 0.713218
0.115490 -0.182609 0.353645
-0.0148897 0.0344445 1.16818
0.347990 0.0739687 1.26672
0.410270 -0.0610370 0.610811
-0.0989135 -0.200697 0.697667
0.0520921 0.0481964 0.909666
0.527971 0.214763 0.791282
0.118534 0.0115281 0.907502
0.0258231 -0.115115 0.862158
0.233516 0.268050 0.312011
0.205407 -0.00212529 0.604825
0.263126 -0.280427 0.957053
0.00682569 -0.194837 0.613413
-0.0829515 -0.0488952 0.687362
0.186335 -0.0380134 0.720457
0.0922628 0.256409 0.405522
-0.154284 0.175283 0.358491
-0.154014 -0.275384 0.408734
0.0653305 -0.0268568 0.231928
-0.0239884 0.0942735 0.523375
-0.158544 -0.189804 0.340642
-0.461789 0.107340 -0.354945
-0.254429 0.343637 -0.271046
-0.143315 -0.101404 0.175031
-0.291407 -0.112646 -0.177389
-0.420332 0.121553 -0.286579
-0.470352 -0.0228051 0.105879
-0.278631 0.155360 -0.123037
-0.323322 0.228760 -0.490522
-0.270091 -0.0555173 -0.310074
-0.401363 -0.0839224 -0.0346131
-0.228478 0.0786599 0.0145697
-0.388979 0.194116 -0.186477
-0.258227 -0.0529728 0.00587477
-0.375535 -0.00493573 -0.170750
-0.251720 0.171453 -0.147247
-0.386881 -0.141390 -0.0472677
-0.247531 -0.108113 -0.646114
-0.180563 0.282461 -0.673680
-0.0668778 -0.155955 -0.158255
-0.433690 -0.155744 -0.579889
-0.111196 0.321672 -0.508579
0.0670861 0.0458430 -0.116767
-0.125360 -0.193510 -0.689151
-0.322056 0.0993534 -0.463462
0.159046 0.0339373 -0.0904853
0.00637127 0.129001 -0.730001
-0.227207 0.0136159 -0.653048
-0.0254952 -0.218732 -0.0600220
0.131171 -0.244259 -0.305957
-0.0684807 0.155198 -0.654647
0.181100 0.172039 -0.417809
0.0319532 -0.0151930 -0.455466
-0.0549076 -0.0752124 -0.693997
0.363833 0.0520832 -0.485613
0.0767806 0.00392076 -0.184110
0.0273862 -0.0295475 -0.716399
0.397112 0.220925 -0.754175
0.0719990 -0.0147467 -0.376541
0.154012 -0.0444423 -0.366680
0.895223 -0.0252692 -0.621612
0.318793 -0.106854 -0.405917
-0.122894 -0.0894864 -0.0680827
0.423596 -0.0917459 -0.317422
0.673177 -0.206906 -0.785910
0.350485 0.00824010 -0.300848
0.491037 -0.0992696 -0.148987
0.298674 -0.252342 -0.368978
0.293049 0.245532 -0.222434
0.279659 0.0865134 -0.382486
0.207749 -0.321810 -0.436010
0.0322165 0.193302 -0.0668070
0.0363072 0.151271 -0.242529
-0.0433887 -0.134914 -0.289218
0.207397 -0.0508204 -0.0597292
0.00128561 -0.0428710 -0.325606
-0.0479004 0.0842711 -0.446918
0.171928 0.485937 -0.232033
0.0838751 -0.0669896 -0.103163
0.0618300 -0.352194 -0.183230
0.0266312 0.286777 -0.339515
-0.192882 0.511002 -0.170311
-0.268108 -0.188771 0.114285
0.157700 -0.283873 -0.182900
-0.0204160 0.101342 -0.0482422
-0.208578 0.0754415 0.269966
-0.0239980 -0.0969024 -0.178575
0.120472 0.0259195 -0.134340
-0.265320 0.0329550 0.319125
-0.00249094 -0.0355272 -0.166815
0.0789019 0.00657330 0.0356186
-0.395193 -0.189096 0.520135
-0.0683027 0.00545210 0.195010
-0.0166955 0.0340796 -0.0777473
-0.205435 0.0370325 0.319427
-0.291346 -0.0988089 0.551563
-0.163977 -0.303113 0.278809
-0.0848736 -0.240954 0.0840072
-0.0629373 -0.269780 0.515873
-0.425650 -0.327867 0.621501
-0.181043 -0.599758 -0.00895948
0.165902 -0.386749 0.257292
-0.211582 -0.357944 0.662568
-0.259122 -0.601058 0.297050
0.105132 -0.594491 0.154993
0.0663877 -0.368835 0.226343
-0.295989 -0.450975 0.344000
-0.157237 -0.371965 0.488812
-0.122427 -0.208554 0.165043
-0.155104 -0.354731 -0.190418
-0.00451063 -0.348013 0.433378
0.0859349 -0.276834 0.647359
-0.252146 -0.327685 0.222289
-0.196718 -0.127556 0.00970625
-0.118883 -0.117325 0.244655
-0.136912 -0.167621 -0.0597484
-0.0185035 0.00121950 -0.0328980
-0.117399 0.0883973 -0.00957537
-0.226479 -0.0535891 0.0800632
-0.168726 -0.00998667 -0.105075
-0.0883120 0.237584 -0.117938
-0.228238 0.370347 -0.0407302
-0.120043 0.127746 0.0846365
0.0269592 0.101329 -0.0294729
0.0466454 0.381463 0.179254
-0.0390798 0.184710 0.216062
0.00206769 0.0574454 -0.262716
0.0187825 0.381334 -0.0563554
-0.0136228 0.207658 0.107385
-0.000660921 0.0421811 0.0199887
0.210758 0.379578 -0.328608
-0.0229788 0.419986 -0.0549695
-0.236844 0.0187089 0.176051
0.193318 0.142231 0.0871228
0.107240 0.207467 -0.139602
-0.105485 0.162402 0.0422654
0.155668 0.305426 -0.159402
0.327747 0.610583 -0.236019
0.0248238 0.453671 0.265694
-0.0148855 0.251257 0.0647394
0.197903 0.490861 -0.520967
0.393316 0.549430 -0.186201
0.132838 0.249149 0.416044
0.0861806 0.646023 0.147620
0.185751 0.564354 -0.536719
0.00268643 -0.187294 -0.158283
-0.100438 0.225854 0.546156
0.0596242 0.569027 0.0167349
0.418662 -0.141868 -0.833531
0.127607 -0.00147387 -0.0758932
-0.0642838 0.382938 0.443913
0.115188 0.125858 0.134388
0.124015 0.238912 -0.192290
0.0643127 0.470640 -0.0900003
0.207492 0.0579118 -0.0205192
0.00568517 -0.113550 0.0563240
0.0896779 0.240466 -0.224083
0.0483086 0.416012 0.00336345
-0.0184631 0.502124 0.663115
0.127979 0.265780 -0.0297692
0.301135 -0.294012 -0.402718
0.0570328 0.133426 0.238942
-0.0225431 0.514430 0.218983
-0.0169597 0.148086 -0.260298
0.220177 0.363229 0.0544658
0.182191 0.690623 0.0985094
-0.0579448 0.0239550 -0.0939986
-0.0580191 -0.00390964 0.0115016
0.0626361 0.296067 0.0412478
-0.0118628 0.179059 0.169664
-0.0244667 0.248374 -0.0173815
0.0225533 0.436820 -0.219210
0.200898 0.0755875 -0.227811
-0.0284789 0.0954551 -0.0587553
-0.0248267 0.00588458 0.188936
0.172006 0.000758522 0.227380
0.0718219 0.136976 -0.269186
-0.133361 0.0820965 -0.260905
0.0458564 -0.121987 0.129744
0.0383862 -0.170319 0.254011
0.153896 0.0594031 -0.113283
0.197898 -0.0115445 -0.198803
-0.0341280 -0.366980 0.214697
0.121086 -0.0400708 0.0731112
0.251248 0.356164 -0.297051
-0.0529279 -0.0311219 0.183936
-0.0971376 -0.363018 0.347850
0.0861730 -0.0681947 0.0592834
0.195990 -0.147287 -0.307934
0.145087 0.0185421 0.111617
-0.0207532 0.213094 0.368547
0.139647 -0.174876 0.0497453
0.231889 -0.107379 -0.216558
-0.0496636 0.299180 0.310053
-0.0892378 0.0356907 0.225392
0.282405 -0.175019 0.0697560
0.178238 0.0922893 -0.0483814
-0.0877003 -0.174182 0.0504162
0.167119 -0.252161 0.335038
0.0451883 0.284173 0.0413555
-0.0566950 0.0608119 -0.340380
0.358344 -0.324750 -0.183308
0.284611 -0.197776 0.177374
0.00886289 -0.0240587 0.125664
0.158809 -0.256298 0.00424343
0.263964 0.0686375 -0.0640620
0.0596992 0.0329775 0.0345048
-0.00520458 -0.401312 0.00984256
0.173481 -0.243731 -0.227568
0.201398 -0.0137971 0.232663
-0.0469000 -0.176776 0.222976
0.127993 -0.0461712 -0.232490
0.456511 -0.281571 0.0667259
0.127008 -0.626300 0.386662
0.260384 -0.111807 -0.109256
0.393069 -0.180219 -0.129609
-0.0483181 -0.651416 0.340185
0.0269971 -0.344440 -0.0425867
0.721816 -0.129146 -0.290954
0.322794 -0.422154 0.0364494
-0.0333633 -0.547321 0.122733
0.368015 -0.429236 0.108289
0.460736 -0.300293 0.184851
-0.205935 -0.267821 -0.00187824
0.153843 -0.149038 -0.300124
0.255971 -0.133894 -0.125508
-0.0166094 -0.551997 -0.141540
0.225983 -0.171512 -0.158658
0.143089 -0.0382087 0.00780510
-0.351983 -0.338414 0.282738
-0.0251111 -0.0994616 -0.0693952
0.398436 -0.165984 -0.649523
-0.129373 -0.466705 0.0548295
-0.466229 0.245700 0.378874
-0.122114 -0.00348218 -0.236079
0.141744 -0.576148 -0.411705
-0.226341 0.0289177 0.0668752
-0.236490 0.0745410 -0.206323
0.0977236 -0.373166 -0.0119245
0.0595482 -0.170225 -0.142428
-0.287563 -0.214350 -0.156442
0.0439066 -0.463945 -0.0560611
0.0594772 -0.278376 -0.0258566
-0.203163 -0.0633192 0.0817433
-0.0690166 -0.388910 0.0725775
0.147745 -0.543509 -0.227863
-0.0568891 -0.105124 -0.0652431
-0.241682 -0.227546 0.157624
-0.129763 -0.420281 -0.0652940
0.0343387 -0.153555 -0.241213
0.0465418 -0.198813 -0.125730
-0.0426532 -0.476906 0.234583
-0.198682 -0.0743594 -0.175107
-0.165917 -0.0756052 -0.462004
0.0360975 -0.426210 0.0417728
-0.139016 0.0347977 0.413136
-0.240267 0.343074 0.0352643
0.0549623 -0.264324 -0.262997
-0.113113 -0.318076 -0.368842
-0.267407 -0.0375438 -0.121855
0.0596059 0.277892 0.0969069
0.101125 0.100331 -0.196096
